20 20
1944 1947 1950 1947 1944 1944 1947 1950 1947 1944 1944 1947 1950 1947 1944 1944 1947 1950 1947 1944
1894 1897 1900 1897 1894 1894 1897 1900 1897 1894 1894 1897 1900 1897 1894 1894 1897 1900 1897 1894
1844 1847 1850 1847 1844 1844 1847 1850 1847 1844 1844 1847 1850 1847 1844 1844 1847 1850 1847 1844
1794 1797 1800 1797 1794 1794 1797 1800 1797 1794 1794 1797 1800 1797 1794 1794 1797 1800 1797 1794
1744 1747 1750 1747 1744 1744 1747 1750 1747 1744 1744 1747 1750 1747 1744 1744 1747 1750 1747 1744
1694 1697 1700 1697 1694 1694 1697 1700 1697 1694 1694 1697 1700 1697 1694 1694 1697 1700 1697 1694
1644 1647 1650 1647 1644 1644 1647 1650 1647 1644 1644 1647 1650 1647 1644 1644 1647 1650 1647 1644
1594 1597 1600 1597 1594 1594 1597 1600 1597 1594 1594 1597 1600 1597 1594 1594 1597 1600 1597 1594
1544 1547 1550 1547 1544 1544 1547 1550 1547 1544 1544 1547 1550 1547 1544 1544 1547 1550 1547 1544
1494 1497 1500 1497 1494 1494 1497 1500 1497 1494 1494 1497 1500 1497 1494 1494 1497 1500 1497 1494
1444 1447 1450 1447 1444 1444 1447 1450 1447 1444 1444 1447 1450 1447 1444 1444 1447 1450 1447 1444
1394 1397 1400 1397 1394 1394 1397 1400 1397 1394 1394 1397 1400 1397 1394 1394 1397 1400 1397 1394
1344 1347 1350 1347 1344 1344 1347 1350 1347 1344 1344 1347 1350 1347 1344 1344 1347 1350 1347 1344
1294 1297 1300 1297 1294 1294 1297 1300 1297 1294 1294 1297 1300 1297 1294 1294 1297 1300 1297 1294
1244 1247 1250 1247 1244 1244 1247 1250 1247 1244 1244 1247 1250 1247 1244 1244 1247 1250 1247 1244
1194 1197 1200 1197 1194 1194 1197 1200 1197 1194 1194 1197 1200 1197 1194 1194 1197 1200 1197 1194
1144 1147 1150 1147 1144 1144 1147 1150 1147 1144 1144 1147 1150 1147 1144 1144 1147 1150 1147 1144
1094 1097 1100 1097 1094 1094 1097 1100 1097 1094 1094 1097 1100 1097 1094 1094 1097 1100 1097 1094
1044 1047 1050 1047 1044 1044 1047 1050 1047 1044 1044 1047 1050 1047 1044 1044 1047 1050 1047 1044
994 997 1000 997 994 994 997 1000 997 994 994 997 1000 997 994 994 997 1000 997 994
